3028
3029
3030
3031
3032
3033
3034
3035
3036
3036A
3037
3038
3040
3041
3042
3043
3044
3045
3046
3047
3048
3049
3050
3051
3052
3054
3055
3056
3057
3058
3059
3060
3062
3090
3092
3094
3130
3138
3149
3164
3167
3189
3209
3229
3231
3257
3266
3296
3305
3308
3311
3312
3321
3338
3346
3356
3376
3380
3383
3406
3413
3416
3419
3432
3437
3443
3450
3454
3481
3494
3501
3504
3515
3518
3528
3530
3532
3533
3535
3536
3543
3545
3550
3557
3563
3583
3588
3591
3593
3596
3605
3607
3617
3622
3645
3653
3661
3665
3669
3673
3679
3682
3686
3694
3701
3702
3702A
3703
3704
3705
3706
3708
3711
3712
3714
4104
4106
4108
4119
4133
4137
4141
4142
4148
4155
4164
4190
4306
4414
4426
4438
4439
4526
4532
4536
4540
4545
4551
4552
4555
4557
4560
4562
4564
4566
4571
4572
4576
4581
4720
4722
4737
4739
4746
4755
4763
4764
4766
4807
4904
4906
4912
4915
4916
4919
4927
4930
4934
4935
4938
4942
4943
4952
4956
4958
4960
4961
4967
4968
4976
4977
4989
4994
4999
5007
5203
5215
5225
5234
5243
5258
5269
5283
5284
5285
5288
5388
5434
5469
5471
5484
5515
5519
5521
5522
5525
5531
5533
5534
5538
5546
5607
5608
5706
5871
5871A
5876
5880
5906
5907
6005
6024
6108
6112
6115
6116
6117
6120
6128
6133
6136
6139
6141
6142
6152
6153
6155
6164
6165
6166
6168
6172
6176
6177
6183
6184
6189
6191
6192
6196
6197
6201
6202
6205
6206
6209
6213
6214
6215
6216
6224
6225
6226
6230
6235
6239
6243
6251
6257
6269
6271
6277
6278
6281
6282
6283
6285
6288
6289
6405
6409
6412
6414
6415
6416
6426
6431
6438
6442
6443
6449
6451
6456
6464
6477
6491
6504
6505
6515
6525
6531
6533
6541
6552
6558
6573
6579
6581
6582
6591
6592
6598
6605
6625
6641
6655
6666
6668
6669
6670
6671
6672
6674
6698
6706
6715
6743
6754
6756
6768
6776
6781
8011
8016
8021
8028
8033
8039
8046
8070
8072
8081
8101
8103
8104
8105
8110
8112
8114
8131
8150
8163
8201
8210
8213
8215
8222
8249
8261
8271
8341
8367
8374
8404
8411
8422
8427
8429
8442
8443
8454
8462
8463
8464
8466
8467
8473
8478
8480
8481
8482
8488
8499
8926
8940
8996
9103
910322
9105
910861
9110
911608
911616
911622
911868
912000
912398
9136
9188
9802
9902
9904
9905
9906
9907
9908
9910
9911
9912
9914
9917
9918
9919
9921
9924
9925
9926
9927
9928
9929
9930
9931
9933
9934
9935
9937
9938
9939
9940
9941
9941A
9942
9943
9944
9945
9946
9955
9958
