1101
1102
1216
1227
1301
1303
1326
1402
1434
1476
1590
2002
2049
2105
2207
2301
2303
2308
2317
2324
2327
2330
2344
2345
2347
2353
2354
2356
2357
2371
2377
2379
2382
2385
2395
2408
2409
2412
2454
2474
2492
2542
2603
2610
2618
2633
2801
2823
2834
2880
2881
2882
2883
2884
2885
2886
2887
2888
2890
2891
2892
2912
3008
3034
3045
3105
3231
3481
3702
3711
4904
4938
4958
5347
5871
5876
5880
6239
6415
6488
6505
6669
8299
8464
9904
9910
9921
9945
