1260
1269
1271
1343
1563
1585
1594
1780
2071
2072
2237
2245
2246
2248
2249
2599
2730
2733
2741
2750
2753
2756
2938
2942
2945
2947
2948
3097
3117
3150
3158
3168
3184
3349
3391
3429
3430
3485
3585
3592
3595
3603
3627
3633
3659
3678
3688
4117
4132
4136
4150
4151
4166
4169
4172
4186
4191
4194
4195
4197
4431
4440
4537
4544
4546
4553
4558
4559
4565
4573
4575
4577
4578
4582
4583
4732
4738
4765
4768
4770
4923
4925
4951
4980
5222
5228
5233
5240
5244
5248
5254
5262
5267
5271
5277
5292
5297
5547
5859
5863
6027
6028
6272
6403
6407
6423
6428
6434
6468
6473
6474
6475
6493
6495
6498
6518
6534
6536
6539
6543
6545
6546
6549
6550
6555
6559
6562
6564
6565
6566
6572
6575
6580
6583
6584
6585
6586
6595
6597
6599
6606
6610
6611
6617
6618
6620
6621
6622
6626
6633
6634
6637
6638
6639
6645
6648
6650
6652
6657
6665
6673
6677
6682
6684
6688
6689
6691
6692
6693
6695
6696
6699
6705
6708
6709
6717
6719
6720
6721
6723
6724
6729
6730
6731
6734
6735
6736
6737
6738
6739
6744
6748
6750
6753
6755
6757
6758
6761
6763
6764
6770
6771
6775
6780
6782
6784
6785
6786
6787
6788
6789
6790
6791
6792
6793
6794
6796
6797
6799
6804
6805
6806
6808
6811
6812
6813
6814
6815
6816
6817
6818
6819
6820
6821
6823
6825
6826
6830
6833
7419
7427
7443
7452
7507
7516
7547
7551
7555
7558
7561
7566
7584
7595
8045
8115
8119
8179
8227
8281
8298
8329
8359
8438
8458
8465
8487
8490
8491
8492
9957
