2603
2303
2615
2409
2344
3481
2363
2002
00632R
4960
2007
5009
2888
5351
2023
2329
3545
00637L
3037
2890
8215
2609
4919
5608
2883
2371
3711
2034
2027
2030
2614
2601
2014
2401
6182
6116
2605
2636
2606
2337
2637
3031
1605
2881
1517
8261
2618
1802
2891
8110
2317
0056
2610
3006
3714
2301
2330
6485
2338
00715L
2340
2882
2607
2324
2486
2369
6005
1314
2313
3707
2886
8415
2884
2887
3372
8289
3035
3231
2641
6147
3264
8016
2358
2498
3221
2022
2617
2031
2393
2406
1102
1402
2353
6168
5425
2885
2892
3556
2441
6257
