#0050
1101
1102
1216
1301
1303
1326
1402
1590
2002
2207
2303
2308
2317
2327
2330
2357
2379
2382
2395
2408
2409
2412
2454
2603
2609
2615
2801
2880
2881
2882
2884
2885
2886
2887
2891
2892
2912
3008
3034
3045
3711
4904
4938
5871
5876
5880
6415
6505
8046
9910

#0051
1210
1227
1229
1434
1440
1476
1477
1504
1605
1717
1722
1802
1904
1907
2006
2014
2027
2049
2059
2105
2108
2201
2227
2301
2313
2324
2337
2344
2345
2347
2352
2353
2354
2356
2360
2371
2376
2377
2383
2385
2404
2441
2449
2458
2474
2492
2542
2606
2610
2618
2633
2637
2809
2812
2834
2845
2883
2888
2889
2890
2915
3023
3037
3044
3189
3231
3406
3443
3481
3532
3533
3576
3653
3661
3702
3706
3714
4958
5269
5522
6116
6176
6213
6239
6269
6409
6456
6531
6592
6669
6781
8454
8464
9904
9914
9917
9921
9941
9945

#00692
1101
1102
1216
1229
1301
1303
1308
1326
1402
1476
1477
1504
1762
2002
2006
2207
2227
2303
2308
2324
2330
2352
2356
2357
2377
2395
2408
2412
2454
2458
2480
2603
2618
2633
2634
2637
2801
2809
2812
2820
2834
2845
2849
2851
2855
2867
2880
2881
2882
2883
2884
2885
2886
2887
2888
2890
2891
2892
2897
2912
3005
3017
3034
3036
3038
3045
3231
3665
3702
3706
3711
4119
4164
4904
4915
4919
4938
4958
5225
5288
5871
5880
6005
6176
6239
6285
6409
6412
6414
6505
8131
8341
8454
8926
9802
9904
9919
9921
9941

#006201
1565
1785
3078
3081
3105
3152
3211
3218
3227
3228
3260
3264
3293
3324
3374
3529
3552
3680
4105
4123
4128
4736
4743
4966
5274
5289
5306
5347
5371
5425
5457
5483
5609
6121
6147
6182
6274
6411
6488
6510
6548
6561
6732
6741
8069
8086
8299
8358
8406
8436
